-1674 121
-1633 340
2030 682
-335 891
1583 728
1242 -539
-2431 53
1028 398
843 199
10 -149
707 1514
1305 -623
104 321
-688 -39
53 -55
-1875 705
596 622
-779 -758
-198 -136
7 235
-902 -93
-87 -38
1003 1359
-1366 -77
-288 451
272 735
488 -1995
81 217
593 -23
1457 553
-417 400
-2748 -157
1611 353
-755 -122
252 365
2292 -747
1095 788
502 375
372 1204
747 430
1832 733
2073 1508
301 650
361 -946
-1133 39
-866 -701
-946 261
335 -244
-1522 -578
-411 205
1481 91
447 -198
-836 -450
274 1170
254 -358
-1441 854
368 -702
694 -351
-770 -586
-815 1000
-1346 -752
150 -551
-1547 657
988 1309
1570 -1959
506 -475
1561 -768
-768 608
-342 235
100 -528
736 -2238
228 -605
-2127 1389
-753 -1123
-336 -109
216 191
527 -494
73 -899
-1157 229
1931 518
55 1803
-482 364
-125 -900
-403 1310
-1328 1150
-1743 2741
-313 -143
1635 808
-90 1835
1404 -255
2621 -1463
1168 701
412 -80
59 21
360 -229
386 1019
511 697
-441 690
2166 -708
261 1354
958 -304
-926 1617
217 265
1149 -748
1207 -236
2037 -582
2168 -928
1658 -913
1219 1454
1150 1190
457 -1023
-1647 -1542
-202 -1179
-768 -1032
-12 -1762
-427 -76
-242 -11
-330 -95
-590 -624
523 344
63 -1226
404 1646
41 1080
394 368
-808 -355
928 -542
-1340 -497
-2109 -253
-1259 56
-1294 90
547 -691
-229 -184
143 191
495 779
1680 -816
782 -852
163 -305
28 -205
1811 636
-983 -35
-1756 255
-1371 895
1099 266
680 187
-651 -170
612 -1037
-128 -1054
-1075 2530
-95 -1193
411 1021
1455 542
-1931 858
-995 -1103
89 2346
-255 -689
104 114
762 1150
-369 286
666 -840
-820 -1502
-656 226
59 114
-138 854
-402 -157
-872 674
345 472
1174 29
892 -1392
-609 -259
-418 338
-1207 -1063
-823 -544
1119 -1143
-948 -129
-331 -712
1288 992
-211 1315
-1302 508
-872 647
1262 51
-277 -2
214 -709
-151 -736
1416 -531
2548 -582
638 -41
-471 -1489
1138 -32
1363 -1329
-526 -401
848 -775
-1990 479
1779 531
-274 -347
918 -810
537 430
601 -1215
680 381
-951 -1726
-261 305
575 -1597
168 -59
-823 -860
639 -362
1174 1387
725 858
-1380 6
-680 -24
-652 568
-2336 1832
985 590
1145 -2452
-762 377
679 -525
476 104
-113 478
415 592
-1190 921
-434 -214
1011 655
-792 1475
370 735
-595 -727
662 2195
1469 826
-436 226
-55 1772
-636 1721
1022 -146
804 222
2019 -797
-733 456
699 1523
-27 -329
1179 -1114
293 -800
-2117 71
1075 -78
973 1622
752 97
942 -157
1466 -209
-1977 1374
-550 805
1646 -116
1503 -527
992 -1112
-1219 -1507
1820 1115
-383 1938
1089 -337
-1922 -468
-2432 787
727 37
1186 -1345
24 -347
1870 -552
1255 -74
-689 -312
925 -1181
1650 1778
-76 -254
491 1659
1395 -637
-326 83
1482 -893
320 -1319
584 186
2211 -6
-517 1557
-751 1106
576 -411
593 -72
1219 -448
-2320 -534
195 -630
-243 4
-711 426
1215 597
-938 439
315 -1575
1563 -707
-184 -321
791 575
-136 1898
486 90
-359 -744
-656 -251
895 88
-634 1193
2339 870
278 0
1140 138
-1668 227
-438 498
-956 -629
-595 -888
153 -126
-425 104
342 978
439 -777
-2040 130
1022 1381
982 -685
951 -325
-178 1719
584 -296
196 390
656 1895
-452 1164
-631 1089
-644 -169
486 236
76 -776
62 854
-259 -1835
363 -1097
-827 1211
-493 -907
-401 -566
393 -3236
1107 492
17 390
-349 -659
1321 -222
-1089 -63
349 -186
144 -711
-1061 1131
-840 439
-518 -1464
112 2049
-434 2554
59 -650
-1278 1058
1490 -1162
-1578 -392
139 -1208
-2345 1286
-1859 38
39 106
-1101 -59
112 -1750
-505 508
-157 1404
-470 -846
1371 314
-887 128
18 -769
-2631 470
-830 463
455 -393
1290 962
-305 1344
1531 -645
-592 -2394
-994 618
1342 616
-2393 374
-1721 -453
-343 -1788
-289 443
-1092 -182
-659 1585
-331 754
1400 -628
582 -783
1044 882
713 -742
171 -2060
-1711 1670
2057 -2965
-60 530
-839 1951
-524 -1522
-1957 1178
1620 -934
-563 -182
1380 649
77 -64
-261 1707
-261 1354
334 -579
-22 -1446
1082 -24
994 -469
808 -1990
-900 552
199 1241
-185 -885
-715 1576
63 385
-595 104
6 1884
245 -358
294 -239
682 1354
-1619 -820
638 -262
485 -677
-729 -106
354 -1232
-621 -269
-246 269
-430 154
213 -489
663 -816
1626 218
1645 420
-781 687
-1739 -563
-726 -3217
-691 1358
978 2414
1175 1059
-784 -649
118 1182
2262 -304
-454 823
894 -1881
261 1504
953 -1321
-430 -558
785 2256
254 -121
103 154
1052 385
525 -1528
1092 31
673 2394
-262 -499
257 -526
-160 -860
-251 496
-1269 1373
-827 478
511 2400
-21 676
-688 -113
-992 -807
548 -761
-330 1886
2220 251
-111 1478
-970 666
336 -1580
595 -585
-391 786
87 -1333
-229 362
-121 -124
2025 694
86 758
-226 628
-998 743
255 93
420 -1592
1099 540
-268 390
-1208 -251
422 100
-1271 -680
-402 643
-1202 -931
-66 -1434
-71 -1349
427 54
-1267 -1300
100 -383
47 980
-353 -965
-1766 -2094
127 -1429
-55 -568
-12 -1111
50 143
213 -490
-965 214
482 30
-71 -111
-61 -347
-2828 1528
-21 173
238 -287
-1675 1489
1129 -686
-1141 145
-2117 -1146
54 1678
281 -412
693 -137
-27 -180
-1205 2496
758 -639
-1414 804
-1985 407
734 966
776 -522
-1029 -279
-212 -354
1539 -770
708 1441
-131 -200
-1499 -1742
571 1716
464 -869
1427 -1276
166 -278
983 -99
1507 -537
81 333
-1273 1783
44 -1887
-93 -266
-770 845
-256 711
621 2133
284 353
-615 -1812
-1531 525
567 1221
711 1315
619 345
370 -325
-421 -331
651 -1437
-157 -994
-431 1912
1209 -1561
431 1321
-601 1055
-972 463
-1342 -572
895 384
-847 -1481
482 1455
-1182 -1873
-52 -781
148 664
205 357
-996 -1283
-376 -2155
503 1516
-1139 -36
400 1351
-601 1976
290 1237
495 1703
-33 582
849 1663
-419 894
330 2578
1289 676
-418 -362
1444 -219
-204 -2211
-751 -1287
91 1642
584 -1662
-1077 165
-390 45
86 398
148 506
-446 822
518 -267
-640 -553
-1005 1028
-877 -876
-781 -1877
1007 572
930 -587
1970 136
-846 -315
-11 -515
-1513 -293
-1611 -809
-1044 -374
-470 -985
-2440 -126
-628 -101
79 587
-514 -455
1422 -1082
1617 272
796 -1035
562 -899
845 577
95 -943
1278 -1359
-88 -817
-989 -423
-1961 1058
315 626
1548 -633
1612 1196
-228 312
-248 99
535 692
-2059 305
613 -551
1545 201
1003 -1304
27 75
743 638
-2719 1189
377 298
-956 302
511 793
-960 -284
1744 1739
1446 -88
1053 12
161 1876
1049 132
-2030 634
197 -9
-343 1147
850 1489
342 901
-417 600
-180 2300
-1757 667
-1986 1515
1847 -230
-265 -577
-1030 -62
724 307
-201 1130
-560 -1519
-794 445
4 -1358
-47 -809
-1054 2234
-2139 129
436 -750
-407 -703
-1792 1375
-346 629
-645 2217
-286 -693
1867 -411
-2286 2303
-428 522
-266 -399
-1644 -197
2217 -730
621 2570
-371 -185
-202 272
-877 -183
-582 -470
21 -19
140 -728
-1201 -281
-1233 1266
2398 -1826
386 -867
-434 905
1030 105
0 943
232 -389
-321 -770
-2539 -522
156 705
1356 198
1077 2445
-796 180
-660 -1326
285 1197
233 -273
-447 1184
-486 -33
-276 -1181
-3091 1166
61 24
-161 -154
-136 -680
-44 1805
837 -599
930 -730
1333 -1497
980 111
2931 -1751
1399 -978
-952 -323
-464 -2088
1224 96
-1366 -1533
-274 155
-1775 721
968 -339
-131 -2129
1411 539
600 -237
-1130 460
-95 242
159 605
-162 -592
245 453
-1064 1023
1008 -1140
-342 924
745 447
1223 -1275
-828 1141
1327 777
-606 -415
-2505 459
1037 -437
-139 1038
1584 -1814
-252 -1486
590 -653
245 -127
-201 0
-807 -333
-1510 -1288
256 1517
-2043 -1788
-180 -1728
-2542 -1728
-567 487
283 1803
-966 950
-889 -406
176 -266
958 -1454
1237 -925
608 537
1042 -535
-174 -1732
-608 743
-1195 1470
966 818
-961 -2369
914 803
648 572
-140 1716
1761 -4
-1611 -572
1141 215
-69 -536
-1418 23
-1109 2654
1534 75
689 476
381 -417
-503 1518
-428 923
421 1595
674 -1256
304 744
818 14
669 649
1440 1394
852 99
-259 431
113 -277
-588 1453
602 840
-972 609
-2008 1070
1297 -1557
-630 1062
-1219 -903
-504 1166
-1558 -1463
-1106 -56
1102 -465
783 1986
-24 523
160 1239
34 -1588
-549 -1152
158 931
-504 512
744 -491
-112 -646
-499 -363
30 962
1788 147
1013 -597
-1256 207
250 27
-221 -1070
-744 776
402 -109
-158 -128
1678 167
1688 -1436
158 660
-2127 -998
125 -168
1705 -1432
-1116 1302
463 1654
-447 932
-846 -1413
-270 425
223 1245
43 -198
-259 885
-956 -190
-625 599
165 497
-247 -455
1701 388
-824 1398
-273 42
841 -710
509 -1437
-1 -766
-2622 128
-709 -977
1556 -56
-238 726
-907 -574
-760 2053
-1372 659
895 -223
314 818
342 -221
1581 -1068
-416 425
402 -512
-643 489
-761 -250
661 682
-891 -1538
-969 -144
1944 -950
311 986
32 -1292
536 -2019
2942 615
249 -1573
-1664 -1705
-277 185
595 1160
-330 -130
378 -1232
997 910
-453 -411
1488 -21
1728 -1762
1319 -1584
-1464 -6
-1849 604
-133 -694
-178 -897
1342 -754
-1525 -1054
-489 -692
-160 -1698
158 512
-507 1179
-319 338
-621 1178
-150 582
-309 914
513 1921
247 -50
-103 -600
-792 -239
-1177 1049
1962 -1127
652 1645
892 228
820 -782
-231 1064
94 -808
712 -1370
610 829
1413 1219
363 882
-138 -1241
933 -567
586 -2668
1032 446
408 521
672 981
806 -1296
-460 278
-501 888
-725 -862
191 397
887 -625
-1807 -533
1518 -1737
-715 227
1067 -342
74 264
17 118
-674 -363
971 361
-866 1258
548 833
-1273 -329
-1260 -587
548 561
565 -906
-1755 -895
-1114 139
-1714 414
-621 16
1235 -416
816 -513
123 434
-740 -1435
-513 448
-1452 -377
-1829 -219
1928 286
-804 -5
493 988
-305 400
171 -820
-821 354
46 1316
-1435 1010
-716 1087
2496 483
1101 1345
1103 1067
-569 -1742
771 -439
-355 447
-2835 -233
464 -673
-13 -1389
-521 -753
-173 1406
469 -639
-1309 -2485
155 198
1535 1356
-69 261
-2882 -75
250 707
196 604
-1339 -17
1247 -579
1430 -864
-1845 222
525 -361
-641 -468
-1489 1054
1462 959
-60 1427
86 -1151
1426 -1060
-611 1060
-314 215
-1070 562
455 -321
502 1486
-887 -81
-398 153
1279 -947
-108 852
469 -417
-1159 -530
1020 258
222 1215
78 1055
325 -2498
-840 -243
-30 -79
-1999 1021
-552 -691
-135 514
-2183 2525
-1500 -814
-1729 -210
-659 -1385
-535 121
804 2007
-3062 2165
-1913 55
-102 364
597 -397
704 143
1956 2019
-1099 701
-446 -369
-2105 -464
-1692 1574
-725 -1129
-1258 1492
-1219 861
-126 -1187
682 -339
-184 559
872 1431
-515 -330
-1099 1637
966 1598
595 63
909 62
-702 -659
